100	6
000000000
000000006
000000016
000000022
000000023
000000092
000000350
000000444
000000560
000000568
000000890
000000930
000001476
000003465
000004924
000005382
000007456
000007529
000009542
000023560
000027890
000034581
000038325
000044129
000052713
000065789
000067162
000071083
000078129
000099215
000100000
000134814
000285600
000348739
000358194
000502173
000874831
000881235
000991827
003467589
003890271
004398219
005047019
005129334
005993759
007928174
008213496
008647799
020832750
021390562
047892745
049578918
051980239
055219804
057012345
070127084
072439321
073397460
082103562
082143678
083256898
083974129
089123002
089821401
092174128
127437281
127491623
143542234
154749853
181294010
187312951
198742187
217729364
218054319
218439197
287496187
293471077
324902190
347829649
376127659
382719410
389790235
438274948
482103810
513638753
612394171
632940215
663763294
724681209
728636853
740123970
771298471
824712930
848074230
856125820
897403271
898712345
901734297
902181904
999128361
1 021091284
1 771298471
2 000000000
2 218439197
3 230127010
3 187398182
